function DeltaT=get_timepoint_differences

% Differences between timepoints
DeltaT=[0	0.407948144041288	0.542105587383725	1.01576349959274	1.40454629458510	4.51207074751706;
0.407948144041288	0	0.134157443342437	0.607815355551449	0.996598150543817	4.10412260347577;
0.542105587383725	0.134157443342437	0	0.473657912209012	0.862440707201380	3.96996516013334;
1.01576349959274	0.607815355551449	0.473657912209012	0	0.388782794992368	3.49630724792432;
1.40454629458510	0.996598150543817	0.862440707201380	0.388782794992368	0	3.10752445293196;
4.51207074751706	4.10412260347577	3.96996516013334	3.49630724792432	3.10752445293196	0];